electrode_geometry:
  e1:
    a: 0.0005067532286310612
    x0: 0.0627714476900929
    y0: 0.04110751868724892
  e2:
    a: 0.005149403804700543
    b: 0.004195291597777811
    x0: 0.06334653818881872
    y0: 0.03327102410089423
  e3:
    a: 0.004988858527117206
    b: 0.003055196421514083
    x0: 0.045736458931423675
    y0: 0.03834190890887651
  e4:
    a: 0.0037748864340578095
    b: 0.0007261181773407083
    x0: 0.023109888715239228
    y0: 0.03433990348976399
