electrode_geometry:
  e1:
    a: 0.0005324451279992294
    x0: 0.06313539644956767
    y0: 0.045826605887766506
  e2:
    a: 0.0025080663713210674
    b: 0.007985487641352075
    x0: 0.06417664772621155
    y0: 0.04078168374508723
  e3:
    a: 0.005950082133657395
    b: 0.00337871954128173
    x0: 0.05215290644359078
    y0: 0.03670564888167095
  e4:
    a: 0.0020694563441808287
    b: 0.0006578222595964314
    x0: 0.035079465053584384
    y0: 0.034434728234652
